n_1.jpg 61 173 265 262 0 586 183 790 269 0
n_10.jpg 214 383 380 463 0 609 373 756 456 0
n_100.jpg 593 721 754 792 0 1015 695 1164 767 0
n_101.jpg 108 195 277 264 0 589 185 763 261 0
n_102.jpg 82 139 210 207 0 425 134 540 202 0
n_103.jpg 132 104 219 152 0 381 102 471 151 0
n_104.jpg 37 176 144 221 0 353 171 454 214 0
n_105.jpg 331 146 361 198 0 273 264 302 306 0
n_106.jpg 61 183 199 271 0 439 175 575 258 0
n_107.jpg 315 260 470 319 0 752 278 903 343 0
n_108.jpg 257 531 487 668 0 1035 599 1415 769 0
n_109.jpg 40 110 155 159 0 347 108 453 156 0
n_11.jpg 117 308 343 408 0 686 326 907 423 0
n_110.jpg 85 182 247 250 0 511 170 670 241 0
n_111.jpg 80 191 178 246 0 385 161 494 223 0
n_112.jpg 87 85 177 120 0 308 54 364 64 0
n_113.jpg 31 98 72 118 0 138 89 190 106 0
n_114.jpg 81 27 182 73 0
n_115.jpg 159 94 320 185 0
n_116.jpg 67 118 98 172 0 114 8 144 49 0
n_117.jpg 48 40 94 60 0 177 31 230 52 0
n_118.jpg 113 83 125 102 0 132 38 142 56 0
n_119.jpg 78 63 124 85 0 211 65 257 92 0
n_12.jpg 43 48 87 67 0 156 37 203 56 0
n_120.jpg 18 53 32 63 0 53 50 74 60 0
n_121.jpg 50 100 159 158 0
n_122.jpg 134 64 186 78 0
n_123.jpg 45 72 186 162 0
n_124.jpg 57 44 102 68 0 191 37 236 61 0
n_125.jpg 55 1 272 68 0
n_126.jpg 139 44 191 77 0
n_127.jpg 17 71 71 98 0 197 70 252 94 0
n_128.jpg 117 83 184 116 0
n_129.jpg 186 67 282 111 0
n_13.jpg 138 203 317 274 0 606 201 775 269 0
n_130.jpg 117 62 133 70 0 160 66 176 74 0
n_131.jpg 53 70 107 98 0 216 57 278 88 0
n_132.jpg 76 37 109 51 0 161 38 190 52 0
n_133.jpg 98 59 208 118 0
n_134.jpg 29 93 64 107 0 94 96 121 110 0
n_135.jpg 22 71 96 103 0 217 71 284 101 0
n_136.jpg 63 46 109 69 0 192 49 235 73 0
n_137.jpg 61 57 121 87 0 205 68 266 93 0
n_138.jpg 70 97 98 109 0 136 103 163 115 0
n_139.jpg 63 82 135 126 0
n_14.jpg 46 73 103 101 0 175 72 230 98 0
n_140.jpg 12 52 186 154 0
n_141.jpg 34 119 140 172 0
n_142.jpg 108 64 118 83 0 115 105 123 128 0
n_143.jpg 105 79 155 97 0
n_144.jpg 82 72 103 79 0 133 72 150 79 0
n_145.jpg 126 49 166 65 0 220 43 257 59 0
n_146.jpg 50 108 107 134 0 191 32 242 72 0
n_147.jpg 56 48 105 76 0 190 54 240 82 0
n_148.jpg 58 85 106 114 0 167 80 194 105 0
n_149.jpg 81 90 185 133 0
n_15.jpg 37 77 91 101 0 154 72 201 96 0
n_150.jpg 57 112 152 165 0
n_151.jpg 61 49 122 76 0 222 42 282 68 0
n_152.jpg 79 92 102 103 0 128 108 145 120 0
n_153.jpg 30 67 102 99 0 207 69 266 100 0
n_154.jpg 117 49 135 58 0 155 50 170 60 0
n_155.jpg 136 10 167 23 0 219 12 243 22 0
n_156.jpg 16 83 81 109 0 185 74 253 103 0
n_157.jpg 102 85 137 103 0 184 94 194 111 0
n_158.jpg 44 35 90 53 0 159 30 211 47 0
n_159.jpg 52 62 208 155 0
n_16.jpg 34 81 105 112 0 216 77 285 104 0
n_160.jpg 32 53 160 108 0
n_161.jpg 67 100 83 110 0 105 106 121 114 0
n_162.jpg 91 51 172 112 0
n_163.jpg 51 40 114 69 0
n_164.jpg 176 102 248 130 0 1 119 31 132 0
n_165.jpg 56 58 197 132 0
n_166.jpg 91 49 112 88 0 134 133 162 162 0
n_167.jpg 64 134 152 169 0
n_168.jpg 69 119 157 160 0
n_169.jpg 50 121 89 139 0 173 102 213 125 0
n_17.jpg 132 201 300 268 0 568 202 727 261 0
n_170.jpg 60 36 105 56 0 191 36 237 57 0
n_171.jpg 119 57 126 74 0 105 94 113 111 0
n_172.jpg 16 16 261 169 0
n_173.jpg 31 53 194 131 0
n_174.jpg 25 21 81 50 0 188 27 240 54 0
n_175.jpg 34 156 130 201 0
n_176.jpg 76 92 96 106 0 118 65 136 82 0
n_177.jpg 59 55 107 77 0 168 28 207 47 0
n_178.jpg 17 64 150 153 0
n_179.jpg 29 53 98 76 0 209 40 281 66 0
n_18.jpg 134 220 297 273 0 588 233 748 290 0
n_180.jpg 72 75 157 112 0
n_181.jpg 132 90 141 113 0 136 144 147 168 0
n_182.jpg 17 59 79 96 0
n_183.jpg 17 79 90 104 0 187 60 258 96 0
n_184.jpg 35 38 83 60 0 161 24 213 47 0
n_185.jpg 33 32 65 50 0 121 34 165 53 0
n_186.jpg 27 25 62 44 0 115 26 149 45 0
n_187.jpg 54 36 91 52 0 168 36 207 51 0
n_188.jpg 40 109 113 147 0
n_189.jpg 9 46 227 191 0
n_19.jpg 93 214 286 307 0 582 205 759 299 0
n_190.jpg 110 38 164 118 0
n_191.jpg 66 52 124 81 0 205 51 264 81 0
n_192.jpg 1 46 256 168 0
n_193.jpg 23 114 88 181 0
n_194.jpg 82 26 181 73 0
n_195.jpg 54 43 223 142 0
n_196.jpg 42 106 73 122 0 115 93 150 111 0
n_197.jpg 100 50 178 133 0
n_198.jpg 48 107 78 119 0 115 106 147 120 0
n_199.jpg 97 97 178 130 0
n_2.jpg 168 244 305 301 0 572 241 718 297 0
n_20.jpg 151 255 300 324 0 592 244 748 315 0
n_200.jpg 93 101 115 114 0 135 76 152 92 0
n_201.jpg 64 56 115 77 0 201 51 247 71 0
n_202.jpg 222 31 240 82 0
n_203.jpg 210 138 468 270 0
n_204.jpg 80 50 142 78 0 244 50 305 78 0
n_205.jpg 92 74 205 165 0
n_206.jpg 42 46 234 147 0
n_207.jpg 94 74 202 165 0
n_208.jpg 142 64 252 120 0
n_209.jpg 65 96 96 120 0 152 101 183 123 0
n_21.jpg 31 172 230 250 0 615 154 817 237 0
n_210.jpg 64 85 136 124 0
n_211.jpg 56 47 216 131 0
n_212.jpg 57 78 107 99 0 183 80 228 96 0
n_213.jpg 61 81 116 105 0 209 104 253 128 0
n_214.jpg 75 65 189 112 0
n_215.jpg 399 94 505 138 0
n_216.jpg 136 64 146 92 0 124 119 133 144 0
n_217.jpg 164 229 297 279 0 523 227 649 274 0
n_218.jpg 13 2 309 209 0
n_219.jpg 52 119 482 522 0
n_22.jpg 16 151 159 201 0 435 146 574 197 0
n_220.jpg 157 181 198 206 0
n_221.jpg 194 287 296 358 0 449 299 546 364 0
n_222.jpg 276 216 566 475 0
n_223.jpg 48 140 314 322 0
n_224.jpg 57 57 129 79 0 213 50 268 73 0
n_225.jpg 149 386 277 493 0
n_226.jpg 205 205 1008 644 0
n_227.jpg 93 120 225 177 0
n_228.jpg 92 30 206 80 0
n_229.jpg 108 59 132 104 0 159 158 190 190 0
n_23.jpg 20 148 193 232 0 474 261 667 333 0
n_230.jpg 286 766 1182 1221 0
n_231.jpg 222 31 239 77 0
n_232.jpg 313 753 1122 1176 0
n_233.jpg 57 41 69 59 0 45 77 56 90 0
n_234.jpg 23 38 32 47 0 43 50 59 61 0
n_235.jpg 19 20 76 47 0 116 8 174 50 0
n_236.jpg 114 167 203 219 0 324 159 375 202 0
n_237.jpg 22 20 66 41 0 121 22 167 48 0
n_238.jpg 19 19 75 48 0 118 16 166 48 0
n_239.jpg 81 24 117 47 0 181 25 208 44 0
n_24.jpg 128 161 275 218 0 535 162 676 217 0
n_240.jpg 21 18 76 40 0 189 24 245 47 0
n_241.jpg 28 24 64 42 0 110 23 144 39 0
n_242.jpg 54 64 205 123 0
n_243.jpg 27 58 63 76 0 114 62 153 81 0
n_244.jpg 229 830 916 1186 0
n_245.jpg 1298 1387 1415 1644 0 1396 846 1487 1029 0
n_246.jpg 44 80 534 360 0
n_247.jpg 58 72 126 90 0 224 84 297 102 0
n_248.jpg 187 346 631 500 0 1416 266 1825 431 0
n_249.jpg 411 197 552 243 0
n_25.jpg 39 225 225 307 0 613 214 799 291 0
n_250.jpg 1 141 110 187 0 398 132 493 167 0
n_251.jpg 55 61 205 132 0
n_252.jpg 615 203 849 334 0
n_253.jpg 91 57 177 120 0
n_254.jpg 248 85 669 372 0
n_255.jpg 138 87 239 131 0 419 88 520 132 0
n_256.jpg 168 348 330 432 0 625 110 779 224 0
n_257.jpg 286 136 303 177 0 253 226 272 267 0
n_258.jpg 59 95 108 113 0 188 70 237 87 0
n_259.jpg 218 263 745 507 0
n_26.jpg 180 321 397 396 0 773 290 965 364 0
n_260.jpg 248 95 322 125 0 429 85 500 116 0
n_261.jpg 192 48 292 134 0
n_262.jpg 92 73 167 119 0
n_263.jpg 48 35 263 133 0
n_264.jpg 151 72 203 99 0 75 89 99 108 0
n_265.jpg 23 95 91 132 0 187 101 252 137 0
n_266.jpg 12 70 99 105 0 195 95 257 128 0
n_267.jpg 19 74 75 106 0 146 71 200 103 0
n_268.jpg 45 38 59 43 0 75 37 90 44 0
n_269.jpg 19 85 85 117 0 225 64 308 96 0
n_27.jpg 231 338 430 442 0 832 293 1020 392 0
n_270.jpg 42 23 279 135 0
n_271.jpg 58 77 146 115 0
n_272.jpg 197 46 253 70 0
n_273.jpg 47 72 69 85 0 103 75 130 88 0
n_274.jpg 26 17 77 50 0 123 17 171 46 0
n_28.jpg 140 188 279 240 0 532 195 670 248 0
n_29.jpg 100 214 256 282 0 544 238 700 302 0
n_3.jpg 51 182 191 255 0 477 185 614 248 0
n_30.jpg 76 375 344 483 0 750 329 1015 444 0
n_31.jpg 76 193 264 282 0 585 204 760 293 0
n_32.jpg 187 174 315 230 0 518 90 622 141 0
n_33.jpg 67 128 163 158 0 291 128 379 160 0
n_34.jpg 81 155 161 197 0 318 150 398 192 0
n_35.jpg 159 156 257 205 0 467 157 567 206 0
n_36.jpg 25 249 195 298 0 573 301 738 363 0
n_37.jpg 126 239 274 316 0 588 238 764 314 0
n_38.jpg 98 183 219 247 0 414 199 553 258 0
n_39.jpg 310 237 448 309 0 643 276 780 346 0
n_4.jpg 73 287 294 360 0 681 289 895 357 0
n_40.jpg 170 235 321 292 0 548 238 696 297 0
n_41.jpg 822 329 894 395 0 1032 425 1127 485 0
n_42.jpg 93 116 215 156 0 412 129 525 168 0
n_43.jpg 40 105 144 153 0 325 105 431 152 0
n_44.jpg 60 132 113 150 0 207 129 261 148 0
n_45.jpg 186 170 363 256 0 672 172 846 260 0
n_46.jpg 269 248 359 282 0 533 236 622 270 0
n_47.jpg 118 197 271 265 0 592 188 740 256 0
n_48.jpg 155 285 342 358 0 686 243 867 323 0
n_49.jpg 76 148 241 220 0 481 156 636 227 0
n_5.jpg 260 516 530 657 0 1071 362 1355 507 0
n_50.jpg 298 340 450 408 0 692 354 836 411 0
n_51.jpg 62 70 110 90 0 190 70 235 89 0
n_52.jpg 81 285 319 393 0 691 286 940 395 0
n_53.jpg 54 108 188 167 0 417 124 551 179 0
n_54.jpg 59 110 182 167 0 416 125 548 178 0
n_55.jpg 131 136 222 173 0 397 158 474 195 0
n_56.jpg 93 158 197 199 0 409 163 517 208 0
n_57.jpg 637 223 703 295 0 739 355 803 404 0
n_58.jpg 110 177 239 250 0 525 188 663 263 0
n_59.jpg 52 132 184 174 0 428 120 552 165 0
n_6.jpg 176 352 307 399 0 544 369 678 424 0
n_60.jpg 58 185 166 238 0 389 184 501 240 0
n_61.jpg 320 488 667 607 0 1287 459 1615 589 0
n_62.jpg 40 142 164 199 0 423 122 543 175 0
n_63.jpg 142 295 296 357 0 575 322 715 390 0
n_64.jpg 42 72 94 92 0 198 83 246 105 0
n_65.jpg 190 294 440 419 0 869 298 1114 420 0
n_66.jpg 140 119 392 207 0
n_67.jpg 163 312 336 385 0 649 302 824 372 0
n_68.jpg 109 180 241 231 0 425 192 543 236 0
n_69.jpg 200 206 323 266 0 546 197 673 256 0
n_7.jpg 430 241 539 298 0 669 175 764 236 0
n_70.jpg 210 172 317 213 0 498 170 609 215 0
n_71.jpg 93 125 234 185 0 456 119 586 179 0
n_72.jpg 456 270 570 316 0 173 274 279 315 0
n_73.jpg 60 99 191 175 0 387 96 531 178 0
n_74.jpg 75 119 117 139 0 193 118 232 137 0
n_75.jpg 109 88 164 109 0 245 100 279 121 0
n_76.jpg 55 55 119 85 0 186 73 224 97 0
n_77.jpg 65 61 131 93 0 263 61 325 90 0
n_78.jpg 35 74 100 102 0 212 72 278 99 0
n_79.jpg 184 209 338 263 0 596 196 744 245 0
n_8.jpg 30 87 136 131 0 332 106 429 154 0
n_80.jpg 16 63 95 96 0 219 70 300 102 0
n_81.jpg 79 75 149 102 0 229 88 279 113 0
n_82.jpg 24 75 81 101 0 176 74 232 97 0
n_83.jpg 25 76 95 107 0 214 78 284 105 0
n_84.jpg 42 77 102 101 0 194 87 250 111 0
n_85.jpg 261 49 351 82 0 38 52 125 84 0
n_86.jpg 27 50 94 83 0 210 49 280 83 0
n_87.jpg 71 84 117 106 0 207 85 252 106 0
n_88.jpg 11 97 66 121 0 169 84 221 108 0
n_89.jpg 75 73 126 92 0 242 52 300 72 0
n_9.jpg 65 164 198 225 0 412 166 557 222 0
n_90.jpg 96 213 264 275 0 594 216 769 268 0
n_91.jpg 23 89 67 107 0 148 94 197 114 0
n_92.jpg 38 98 93 122 0 186 93 242 118 0
n_93.jpg 21 60 90 88 0 219 57 284 86 0
n_94.jpg 33 69 105 99 0 212 66 274 98 0
n_95.jpg 43 76 102 103 0 215 83 270 110 0
n_96.jpg 47 34 90 47 0 159 31 200 45 0
n_97.jpg 72 43 109 59 0 165 44 201 58 0
n_98.jpg 42 61 102 81 0 218 60 274 80 0
n_99.jpg 23 72 99 115 0 216 80 296 126 0
y_1.jpg 144 195 527 383 1
y_10.jpg 289 317 405 387 1 660 319 818 394 1
y_100.JPG 68 83 107 99 1 154 72 192 89 1
y_101.JPG 54 36 261 136 1
y_102.JPG 1 78 74 137 1 202 79 259 142 1
y_103.JPG 71 76 171 120 1
y_104.JPG 63 68 208 127 1
y_105.JPG 84 53 171 100 1
y_106.JPG 143 66 215 102 1 14 102 67 131 1
y_107.JPG 28 21 86 48 1 149 20 202 46 1
y_108.JPG 140 130 361 239 1
y_109.JPG 112 72 167 102 1
y_11.jpg 117 81 228 201 1
y_110.JPG 39 58 83 100 1 141 123 186 157 1
y_111.JPG 63 56 155 129 1
y_112.JPG 38 58 103 94 1 198 58 261 95 1
y_113.JPG 34 30 126 76 1 235 41 332 82 1
y_114.JPG 173 66 195 91 1 206 120 224 145 1
y_115.JPG 17 67 216 160 1
y_116.JPG 61 1 273 128 1
y_117.JPG 67 84 171 141 1
y_118.JPG 53 54 127 89 1
y_119.JPG 69 51 223 106 1
y_12.jpg 91 102 162 159 1 282 73 330 113 1
y_120.JPG 42 29 92 58 1
y_121.JPG 35 74 117 103 1 225 68 297 97 1
y_122.JPG 75 85 252 156 1
y_123.JPG 201 76 284 117 1
y_124.JPG 4 102 495 480 1
y_125.JPG 164 49 182 73 1 127 97 147 121 1
y_126.JPG 81 126 188 180 1
y_127.JPG 1 1 260 177 1
y_128.JPG 47 97 78 111 1 104 100 125 114 1
y_129.JPG 104 58 301 160 1
y_13.jpg 51 26 265 148 1
y_130.JPG 46 166 191 246 1 407 155 548 240 1
y_131.JPG 163 197 375 301 1 707 191 915 292 1
y_132.jpg 219 1463 924 1768 1 2010 1673 2719 1925 1
y_133.JPG 426 264 860 485 1
y_134.JPG 272 204 620 365 1
y_135.JPG 152 72 170 81 1 194 74 214 85 1
y_136.JPG 19 65 300 235 1
y_137.JPG 1 98 77 153 1 228 101 329 178 1
y_138.JPG 493 1350 819 1427 1 1390 1282 1662 1373 1
y_139.JPG 272 239 589 439 1
y_14.jpg 34 30 91 78 1 186 123 268 195 1
y_140.JPG 605 177 1423 577 1
y_141.JPG 86 53 171 110 1
y_142.JPG 49 66 215 133 1
y_143.JPG 26 43 238 126 1
y_144.JPG 112 62 232 123 1
y_145.JPG 438 379 1111 660 1
y_146.JPG 36 40 78 61 1 141 31 181 54 1
y_147.JPG 109 64 215 127 1
y_148.JPG 69 60 126 87 1 212 58 261 83 1
y_149.JPG 93 33 266 123 1
y_15.jpg 344 147 458 214 1
y_150.JPG 28 70 177 174 1
y_151.JPG 75 60 209 123 1
y_152.JPG 58 48 232 117 1
y_153.JPG 159 92 318 185 1
y_154.JPG 49 98 102 124 1 202 81 249 106 1
y_155.JPG 198 115 798 487 1
y_156.JPG 247 1155 1108 1588 1 2592 1145 3411 1593 1
y_157.JPG 174 61 221 95 1
y_158.JPG 219 1 991 467 1
y_159.JPG 193 185 360 241 1
y_16.jpg 213 150 303 229 1
y_160.JPG 236 158 748 420 1
y_161.JPG 5 378 538 696 1
y_162.JPG 151 164 390 336 1
y_163.JPG 34 90 147 167 1 315 98 424 170 1
y_164.JPG 460 269 717 399 1
y_165.JPG 765 298 1018 414 1 146 455 417 570 1
y_166.JPG 252 194 917 540 1
y_167.JPG 107 75 188 129 1
y_168.JPG 60 64 145 114 1
y_169.JPG 102 179 271 263 1 499 219 656 294 1
y_17.jpg 251 198 359 255 1
y_170.JPG 66 102 323 220 1
y_171.JPG 233 116 286 155 1
y_172.JPG 69 126 405 274 1
y_173.JPG 91 100 262 205 1
y_174.JPG 227 116 308 204 1 366 22 399 59 1
y_175.JPG 80 129 174 171 1 284 125 378 169 1
y_176.JPG 104 264 394 412 1 830 275 1090 437 1
y_177.JPG 142 101 344 179 1
y_178.JPG 219 231 390 437 1
y_179.JPG 26 56 84 109 1
y_18.jpg 125 77 196 113 1
y_180.JPG 65 169 124 194 1 192 172 249 195 1
y_181.JPG 230 206 1055 824 1
y_182.JPG 345 6 1573 742 1
y_183.JPG 148 125 375 206 1
y_184.JPG 1061 1348 1448 1663 1
y_185.JPG 119 173 408 304 1
y_186.JPG 350 142 584 239 1
y_187.JPG 257 98 766 359 1
y_188.JPG 163 421 581 606 1 1207 425 1605 615 1
y_189.JPG 126 67 241 147 1
y_19.jpg 22 1 99 28 1 184 1 256 17 1
y_190.JPG 22 85 86 115 1 199 89 250 122 1
y_191.JPG 82 62 181 112 1
y_192.JPG 2 30 144 143 1
y_193.JPG 24 121 69 147 1 231 122 279 148 1
y_194.JPG 71 86 85 112 1 46 144 60 173 1
y_195.JPG 82 47 180 95 1
y_196.JPG 11 84 69 116 1 163 83 216 111 1
y_197.JPG 83 33 198 131 1
y_198.JPG 95 30 130 44 1 164 30 194 44 1
y_199.JPG 137 65 147 94 1 124 121 134 146 1
y_2.jpg 18 93 76 124 1 143 164 192 202 1
y_20.jpg 35 68 86 91 1 158 67 222 93 1
y_200.JPG 70 51 106 78 1 148 88 190 112 1
y_201.JPG 19 77 77 124 1 189 74 243 119 1
y_202.JPG 374 265 721 514 1
y_203.JPG 69 50 177 127 1
y_204.JPG 99 73 150 98 1 239 69 282 91 1
y_205.JPG 105 58 184 126 1
y_206.JPG 68 52 148 91 1 251 65 326 102 1
y_207.JPG 40 101 87 122 1 167 103 215 123 1
y_208.JPG 70 65 191 112 1
y_209.JPG 1 118 166 217 1
y_21.jpg 60 82 105 107 1 193 87 245 111 1
y_210.JPG 72 69 125 94 1 203 69 257 94 1
y_211.JPG 12 29 101 65 1 178 31 259 62 1
y_22.jpg 60 150 202 221 1 438 153 579 224 1
y_23.jpg 26 68 88 102 1 174 67 239 101 1
y_24.jpg 68 67 190 142 1
y_25.jpg 99 60 211 128 1
y_26.jpg 31 85 89 123 1 201 90 252 126 1
y_27.jpg 47 76 133 148 1
y_28.jpg 55 64 117 99 1 220 62 280 93 1
y_29.jpg 58 41 194 129 1
y_3.jpg 101 65 343 188 1
y_30.jpg 13 57 63 82 1 132 55 175 77 1
y_31.jpg 24 75 84 103 1 165 71 227 101 1
y_32.jpg 96 129 437 290 1
y_33.jpg 86 59 123 77 1 160 53 184 70 1
y_34.jpg 62 45 187 127 1
y_35.jpg 29 85 149 157 1
y_36.jpg 52 78 156 157 1
y_37.jpg 87 66 193 131 1
y_38.jpg 85 58 144 90 1 206 66 250 94 1
y_39.jpg 62 56 155 126 1
y_4.jpg 127 124 194 165 1
y_40.jpg 127 48 165 98 1
y_41.jpg 127 74 171 106 1
y_42.jpg 94 39 152 73 1
y_43.jpg 28 128 85 151 1 170 117 216 141 1
y_44.jpg 67 76 157 127 1
y_45.jpg 70 72 193 136 1
y_46.jpg 55 99 107 122 1 190 98 242 124 1
y_47.jpg 38 89 107 130 1 204 100 271 136 1
y_48.jpg 113 45 169 104 1
y_49.jpg 29 103 84 134 1 170 104 224 135 1
y_5.jpg 73 124 189 189 1 337 105 445 170 1
y_50.jpg 50 60 211 141 1
y_51.jpg 49 70 104 99 1 184 71 231 101 1
y_52.jpg 35 124 72 154 1 125 61 162 96 1
y_53.jpg 45 64 109 92 1 218 83 272 110 1
y_54.jpg 95 58 224 149 1
y_55.jpg 20 61 215 150 1
y_56.jpg 30 89 79 113 1 160 95 236 130 1
y_57.jpg 24 121 60 137 1 120 121 152 138 1
y_58.jpg 77 149 193 209 1 420 118 558 186 1
y_59.jpg 695 703 1446 1088 1
y_6.jpg 10 58 96 115 1 238 64 321 119 1
y_60.jpg 100 161 366 258 1
y_61.jpg 7 143 125 185 1 267 128 390 171 1
y_62.jpg 185 102 326 170 1 491 100 628 166 1
y_63.jpg 219 124 374 208 1
y_64.jpg 122 221 244 295 1 454 223 584 292 1
y_65.jpg 33 69 97 98 1 211 62 276 92 1
y_66.jpg 175 343 417 463 1 850 320 1102 441 1
y_67.jpg 106 126 198 164 1 319 138 391 175 1
y_68.jpg 49 46 96 74 1 168 45 216 71 1
y_69.jpg 55 99 100 122 1
y_7.jpg 276 234 427 381 1 510 117 587 209 1
y_70.jpg 224 211 512 351 1
y_71.jpg 273 117 350 163 1 72 154 159 174 1
y_72.jpg 216 86 361 170 1 43 81 104 150 1
y_73.jpg 96 89 125 103 1 161 99 198 118 1
y_74.jpg 121 187 270 292 1 431 179 590 276 1
y_75.jpg 82 12 296 119 1
y_76.jpg 30 89 182 160 1 404 84 559 148 1
y_77.JPG 75 192 300 301 1
y_78.JPG 138 92 430 193 1
y_79.JPG 54 66 213 116 1
y_8.jpg 231 231 519 429 1
y_80.JPG 54 30 136 84 1
y_81.JPG 50 49 229 130 1
y_82.JPG 102 27 241 98 1
y_83.JPG 78 59 236 119 1
y_84.JPG 12 76 83 128 1 176 82 243 130 1
y_85.JPG 153 81 224 111 1
y_86.JPG 31 102 100 129 1 173 65 234 96 1
y_87.JPG 94 254 343 361 1
y_88.JPG 7 89 85 126 1 173 92 244 128 1
y_89.JPG 97 62 172 115 1 1 27 23 67 1
y_9.jpg 412 393 590 461 1 738 398 889 457 1
y_90.JPG 69 46 220 118 1
y_91.JPG 34 98 67 115 1 113 92 152 110 1
y_92.JPG 71 46 234 127 1
y_93.JPG 69 71 183 151 1
y_94.JPG 135 47 222 85 1
y_95.JPG 45 110 159 166 1
y_96.JPG 33 73 85 99 1 171 69 219 98 1
y_97.JPG 116 78 396 239 1
y_98.JPG 47 66 217 132 1
y_99.JPG 42 31 228 123 1
